subj,run,item,list,category,sentence,joke ending,nonjoke ending,displayed,response,RT,question onset
0.0000,8.000,3,47,2,nonjoke,"Charged with statutory rape, he told the judge he didn't know she was a ",statue,teenager,"Charged with statutory rape, he told the judge he didn't know she was a teenager.",<VisionEgg.WrappedText.WrappedText object at 0x1083bcd20>
8.0000,8.000,3,96,2,joke,"When the kid came into the store and asked for empty boxes, the owner gave him the",register,crate,"When the kid came into the store and asked for empty boxes, the owner gave him the register.",<VisionEgg.WrappedText.WrappedText object at 0x1083bccd0>
16.0000,2.000,fix
18.0000,8.000,3,126,2,joke,My husband took the money we were saving to buy a new car and blew it all at the,laundry,tables,My husband took the money we were saving to buy a new car and blew it all at the laundry.,<VisionEgg.WrappedText.WrappedText object at 0x1083bcd70>
26.0000,8.000,3,151,2,nonjoke,One good turn gets most of the,blanket,profit,One good turn gets most of the profit.,<VisionEgg.WrappedText.WrappedText object at 0x1083bcdc0>
34.0000,8.000,3,70,2,joke,The best gift for the man who has everything is,penicillin,neckties,The best gift for the man who has everything is penicillin.,<VisionEgg.WrappedText.WrappedText object at 0x1083bce60>
42.0000,8.000,3,145,2,nonjoke,The only person who sticks closer to you in adversity than a friend is a,creditor,spouse,The only person who sticks closer to you in adversity than a friend is a spouse.,<VisionEgg.WrappedText.WrappedText object at 0x1083bce10>
50.0000,2.000,fix
52.0000,8.000,3,153,2,nonjoke,The husband who catches his wife in the act is probably on the,trapeze,snoop,The husband who catches his wife in the act is probably on the snoop.,<VisionEgg.WrappedText.WrappedText object at 0x1083bcf00>
60.0000,2.000,fix
62.0000,8.000,3,125,2,nonjoke,I know one couple who got divorced and had to leave the house to the,attorney,daughter,I know one couple who got divorced and had to leave the house to the daughter.,<VisionEgg.WrappedText.WrappedText object at 0x1083bceb0>
70.0000,2.000,fix
72.0000,8.000,3,146,2,joke,"Love has its benefits, and they are usually called",alimony,memories,"Love has its benefits, and they are usually called alimony.",<VisionEgg.WrappedText.WrappedText object at 0x1083bcfa0>
80.0000,2.000,fix
82.0000,8.000,3,131,2,nonjoke,"Statistics indicate that Americans spend eighty million a year on games of chance, mostly",weddings, blackjack,"Statistics indicate that Americans spend eighty million a year on games of chance, mostly blackjack.",<VisionEgg.WrappedText.WrappedText object at 0x1083bcf50>
90.0000,8.000,3,25,2,nonjoke,The only thing money can't buy is,poverty,generosity,The only thing money can't buy is generosity.,<VisionEgg.WrappedText.WrappedText object at 0x10fa1a050>
98.0000,2.000,fix
100.0000,8.000,3,53,2,nonjoke,"By the time Mary had her fourteenth child, she'd run out of names to call her ",husband,offspring,"By the time Mary had her fourteenth child, she'd run out of names to call her offspring.",<VisionEgg.WrappedText.WrappedText object at 0x10fa1a0a0>
108.0000,8.000,3,116,2,joke,Autobiography is an unrivaled vehicle for telling the truth about,others,somebody,Autobiography is an unrivaled vehicle for telling the truth about others.,<VisionEgg.WrappedText.WrappedText object at 0x10fa1a0f0>
116.0000,6.000,fix
122.0000,8.000,3,63,2,nonjoke,"It's hard to raise a family nowadays, especially in the ",morning,country,"It's hard to raise a family nowadays, especially in the country.",<VisionEgg.WrappedText.WrappedText object at 0x10fa1a140>
130.0000,8.000,fix
138.0000,8.000,3,59,2,nonjoke,"Women don't dress to please men; if they did, they'd dress a lot",faster,scantier,"Women don't dress to please men; if they did, they'd dress a lot scantier.",<VisionEgg.WrappedText.WrappedText object at 0x10fa1a190>
146.0000,8.000,3,26,2,joke,"To clothe one soldier, it takes the wool from two sheep and the hides from three",taxpayers,animals,"To clothe one soldier, it takes the wool from two sheep and the hides from three taxpayers.",<VisionEgg.WrappedText.WrappedText object at 0x10fa1a1e0>
154.0000,8.000,3,90,2,joke,A vacation is the shortest distance between two,paychecks,locations,A vacation is the shortest distance between two paychecks.,<VisionEgg.WrappedText.WrappedText object at 0x10fa1a230>
162.0000,6.000,fix
168.0000,8.000,3,147,2,nonjoke,"When we got divorced, my wife and I split the house; she got the",inside,kitchen,"When we got divorced, my wife and I split the house; she got the kitchen.",<VisionEgg.WrappedText.WrappedText object at 0x10fa1a280>
176.0000,8.000,3,42,2,joke,The best way to keep the milk from turning sour is to keep it in the,cow,cold,The best way to keep the milk from turning sour is to keep it in the cow.,<VisionEgg.WrappedText.WrappedText object at 0x10fa1a2d0>
184.0000,8.000,3,112,2,joke,The art museum just acquired an early Rembrandt; it's done in ,Crayola,charcoal,The art museum just acquired an early Rembrandt; it's done in Crayola.,<VisionEgg.WrappedText.WrappedText object at 0x10fa1a320>
192.0000,2.000,fix
194.0000,8.000,3,71,2,nonjoke,Save the whales; start a,collection,coalition,Save the whales; start a coalition.,<VisionEgg.WrappedText.WrappedText object at 0x10fa1a370>
202.0000,8.000,3,32,2,joke,"Though most people think it's Rome, the world's most beloved capital is actually",dollars,Vienna,"Though most people think it's Rome, the world's most beloved capital is actually dollars.",<VisionEgg.WrappedText.WrappedText object at 0x10fa1a3c0>
210.0000,4.000,fix
214.0000,8.000,3,67,2,nonjoke,The most prevalent form of legalized gambling is,elections,betting,The most prevalent form of legalized gambling is betting.,<VisionEgg.WrappedText.WrappedText object at 0x10fa1a410>
222.0000,8.000,3,134,2,joke,My church welcomes all denominations but prefers,twenties,Mormons,My church welcomes all denominations but prefers twenties.,<VisionEgg.WrappedText.WrappedText object at 0x10fa1a460>
230.0000,4.000,fix
234.0000,8.000,3,132,2,joke,The last time a guy in a mask took all my money I was in,surgery,shock,The last time a guy in a mask took all my money I was in surgery.,<VisionEgg.WrappedText.WrappedText object at 0x10fa1a4b0>
242.0000,2.000,fix
244.0000,8.000,3,61,2,nonjoke,"For great vacation, put the kids in the back seat, and take a ",cruise,freeway,"For great vacation, put the kids in the back seat, and take a freeway.",<VisionEgg.WrappedText.WrappedText object at 0x10fa1a500>
252.0000,6.000,fix
258.0000,8.000,3,7,2,nonjoke,A replacement player hit a home run with my,girl,ball,A replacement player hit a home run with my ball.,<VisionEgg.WrappedText.WrappedText object at 0x10fa1a550>
266.0000,2.000,fix
268.0000,8.000,3,75,2,nonjoke,"When reviewing your notes for a test, the most important ones will be",illegible,capitalized,"When reviewing your notes for a test, the most important ones will be capitalized.",<VisionEgg.WrappedText.WrappedText object at 0x10fa1a5a0>
276.0000,8.000,3,103,2,nonjoke,"I still miss my ex-wife, but I am improving my",aim,ego,"I still miss my ex-wife, but I am improving my ego.",<VisionEgg.WrappedText.WrappedText object at 0x10fa1a640>
284.0000,22.000,fix
306.0000,8.000,3,81,2,nonjoke,Another thing that has developed by leaps and bounds is modern,dance,science,Another thing that has developed by leaps and bounds is modern science.,<VisionEgg.WrappedText.WrappedText object at 0x10fa1a5f0>
314.0000,8.000,3,93,2,nonjoke,"He is probably the best boxer in the country, but he always loses in the ",city,competition,"He is probably the best boxer in the country, but he always loses in the competition.",<VisionEgg.WrappedText.WrappedText object at 0x10fa1a690>
322.0000,8.000,3,36,2,joke,A problem drinker is one who never,buys,quits,A problem drinker is one who never buys.,<VisionEgg.WrappedText.WrappedText object at 0x10fa1a6e0>
330.0000,2.000,fix
332.0000,8.000,3,85,2,nonjoke,"Frequent naps prevent old age, especially when taken while",driving,relaxed,"Frequent naps prevent old age, especially when taken while relaxed.",<VisionEgg.WrappedText.WrappedText object at 0x10fa1a780>
340.0000,10.000,fix
350.0000,8.000,3,29,2,nonjoke,My doctor has never violated his oath: the oath he took years ago to become a,millionaire,practitioner,My doctor has never violated his oath: the oath he took years ago to become a practitioner.,<VisionEgg.WrappedText.WrappedText object at 0x10fa1a7d0>
358.0000,6.000,fix
364.0000,8.000,3,2,2,joke,"She went on a fourteen day diet, but she only lost two",weeks,ounces,"She went on a fourteen day diet, but she only lost two weeks.",<VisionEgg.WrappedText.WrappedText object at 0x10fa1a730>
372.0000,8.000,3,17,2,nonjoke,A committee keeps minutes and takes,hours,votes,A committee keeps minutes and takes votes.,<VisionEgg.WrappedText.WrappedText object at 0x10fa1a820>
380.0000,6.000,fix
386.0000,8.000,3,23,2,nonjoke,The curse of heavy drinking is that afterwards you get a huge,bar tab,headache,The curse of heavy drinking is that afterwards you get a huge headache.,<VisionEgg.WrappedText.WrappedText object at 0x10fa1a8c0>
394.0000,4.000,fix
398.0000,8.000,3,92,2,joke,"When I asked the bartender for something cold and full of rum, he recommended his",wife,daiquiri,"When I asked the bartender for something cold and full of rum, he recommended his wife.",<VisionEgg.WrappedText.WrappedText object at 0x10fa1a870>
406.0000,4.000,fix
410.0000,8.000,3,73,2,nonjoke,One thing that makes the world go round is,detours,greed,One thing that makes the world go round is greed.,<VisionEgg.WrappedText.WrappedText object at 0x10fa1a910>
418.0000,4.000,fix
422.0000,8.000,3,60,2,joke,Another thing a small boy is constantly outgrowing is his,allowance,underwear,Another thing a small boy is constantly outgrowing is his allowance.,<VisionEgg.WrappedText.WrappedText object at 0x10fa1a960>
430.0000,4.000,fix
434.0000,8.000,3,35,2,nonjoke,"Now that the Hollywood couple has ironed out the divorce settlement, they can finally go ahead with their",nuptials,careers,"Now that the Hollywood couple has ironed out the divorce settlement, they can finally go ahead with their careers.",<VisionEgg.WrappedText.WrappedText object at 0x10fa1a9b0>
442.0000,8.000,3,88,2,joke,The wind was so strong it blew out three,fuses,streetlights,The wind was so strong it blew out three fuses.,<VisionEgg.WrappedText.WrappedText object at 0x10fa1aa00>
450.0000,8.000,3,140,2,joke,You can keep your kids in hot water with ,dishes,rules,You can keep your kids in hot water with dishes.,<VisionEgg.WrappedText.WrappedText object at 0x10fa1aaa0>
458.0000,2.000,fix
460.0000,8.000,3,154,2,joke,"This new computer works so quickly, it comes complete with",ulcers,games,"This new computer works so quickly, it comes complete with ulcers.",<VisionEgg.WrappedText.WrappedText object at 0x10fa1aa50>
468.0000,8.000,3,15,2,nonjoke,"When John bought a bulldog, it was no time at all before he had that dog eating out of his",leg,fingers,"When John bought a bulldog, it was no time at all before he had that dog eating out of his fingers.",<VisionEgg.WrappedText.WrappedText object at 0x10fa1aaf0>
476.0000,2.000,fix
478.0000,8.000,3,72,2,joke,The first two hundred story building opened in Chicago; it was a ,library,hotel,The first two hundred story building opened in Chicago; it was a library.,<VisionEgg.WrappedText.WrappedText object at 0x10fa1ab40>
486.0000,22.000,fix
508.0000,8.000,3,24,2,joke,"Where I'm from, the two most common elements are hydrogen and ",stupidity,nitrogen,"Where I'm from, the two most common elements are hydrogen and stupidity.",<VisionEgg.WrappedText.WrappedText object at 0x10fa1abe0>
516.0000,8.000,3,104,2,joke,Politicians who are as American as apple pie still want their,slice,rewards,Politicians who are as American as apple pie still want their slice.,<VisionEgg.WrappedText.WrappedText object at 0x10fa1ab90>
524.0000,2.000,fix
526.0000,8.000,3,144,2,joke,The difference between a dog and fox is about five,beers,degrees,The difference between a dog and fox is about five beers.,<VisionEgg.WrappedText.WrappedText object at 0x10fa1ac30>
534.0000,8.000,3,156,2,joke,The only ones who want me for my body are,mosquitos,losers,The only ones who want me for my body are mosquitos.,<VisionEgg.WrappedText.WrappedText object at 0x10fa1ac80>
542.0000,2.000,fix
544.0000,8.000,3,76,2,joke,"Parents support clubs for teenagers, especially when they lack other forms of",punishment,diversion,"Parents support clubs for teenagers, especially when they lack other forms of punishment.",<VisionEgg.WrappedText.WrappedText object at 0x10fa1acd0>
552.0000,10.000,fix
562.0000,8.000,3,54,2,joke,The tourist bureau told the visitors there was plenty of hunting in this part of the country but very little,finding,sightseeing,The tourist bureau told the visitors there was plenty of hunting in this part of the country but very little finding.,<VisionEgg.WrappedText.WrappedText object at 0x10fa1ad20>
FED_20170426d_3T2,3,47,2,nonjoke,"Charged with statutory rape, he told the judge he didn't know she was a ",statue,teenager,"Charged with statutory rape, he told the judge he didn't know she was a teenager.",1,0.9001591205596924,6.009469985961914
FED_20170426d_3T2,3,96,2,joke,"When the kid came into the store and asked for empty boxes, the owner gave him the",register,crate,"When the kid came into the store and asked for empty boxes, the owner gave him the register.",3,0.7334270477294922,14.010471105575562
FED_20170426d_3T2,3,126,2,joke,My husband took the money we were saving to buy a new car and blew it all at the,laundry,tables,My husband took the money we were saving to buy a new car and blew it all at the laundry.,1,1.833569049835205,24.01173710823059
FED_20170426d_3T2,3,151,2,nonjoke,One good turn gets most of the,blanket,profit,One good turn gets most of the profit.,1,0.416654109954834,32.012752056121826
FED_20170426d_3T2,3,70,2,joke,The best gift for the man who has everything is,penicillin,neckties,The best gift for the man who has everything is penicillin.,3,0.7501428127288818,40.01371216773987
FED_20170426d_3T2,3,145,2,nonjoke,The only person who sticks closer to you in adversity than a friend is a,creditor,spouse,The only person who sticks closer to you in adversity than a friend is a spouse.,1,1.200119972229004,48.01474905014038
FED_20170426d_3T2,3,153,2,nonjoke,The husband who catches his wife in the act is probably on the,trapeze,snoop,The husband who catches his wife in the act is probably on the snoop.,1,0.9167189598083496,58.01598811149597
FED_20170426d_3T2,3,125,2,nonjoke,I know one couple who got divorced and had to leave the house to the,attorney,daughter,I know one couple who got divorced and had to leave the house to the daughter.,3,0.8833930492401123,68.00055813789368
FED_20170426d_3T2,3,146,2,joke,"Love has its benefits, and they are usually called",alimony,memories,"Love has its benefits, and they are usually called alimony.",2,0.8334660530090332,78.00175309181213
FED_20170426d_3T2,3,131,2,nonjoke,"Statistics indicate that Americans spend eighty million a year on games of chance, mostly",weddings, blackjack,"Statistics indicate that Americans spend eighty million a year on games of chance, mostly blackjack.",1,1.4668259620666504,88.00294208526611
FED_20170426d_3T2,3,25,2,nonjoke,The only thing money can't buy is,poverty,generosity,The only thing money can't buy is generosity.,1,0.7334549427032471,96.00402116775513
FED_20170426d_3T2,3,53,2,nonjoke,"By the time Mary had her fourteenth child, she'd run out of names to call her ",husband,offspring,"By the time Mary had her fourteenth child, she'd run out of names to call her offspring.",3,1.2501301765441895,106.00529098510742
FED_20170426d_3T2,3,116,2,joke,Autobiography is an unrivaled vehicle for telling the truth about,others,somebody,Autobiography is an unrivaled vehicle for telling the truth about others.,1,1.1501891613006592,114.00622797012329
FED_20170426d_3T2,3,63,2,nonjoke,"It's hard to raise a family nowadays, especially in the ",morning,country,"It's hard to raise a family nowadays, especially in the country.",1,0.6501250267028809,128.0079860687256
FED_20170426d_3T2,3,59,2,nonjoke,"Women don't dress to please men; if they did, they'd dress a lot",faster,scantier,"Women don't dress to please men; if they did, they'd dress a lot scantier.",2,1.1667919158935547,144.0100131034851
FED_20170426d_3T2,3,26,2,joke,"To clothe one soldier, it takes the wool from two sheep and the hides from three",taxpayers,animals,"To clothe one soldier, it takes the wool from two sheep and the hides from three taxpayers.",2,1.0668351650238037,152.0109519958496
FED_20170426d_3T2,3,90,2,joke,A vacation is the shortest distance between two,paychecks,locations,A vacation is the shortest distance between two paychecks.,1,0.4334080219268799,160.01196718215942
FED_20170426d_3T2,3,147,2,nonjoke,"When we got divorced, my wife and I split the house; she got the",inside,kitchen,"When we got divorced, my wife and I split the house; she got the kitchen.",2,0.7333400249481201,174.0137641429901
FED_20170426d_3T2,3,42,2,joke,The best way to keep the milk from turning sour is to keep it in the,cow,cold,The best way to keep the milk from turning sour is to keep it in the cow.,3,0.6166369915008545,182.01477098464966
FED_20170426d_3T2,3,112,2,joke,The art museum just acquired an early Rembrandt; it's done in ,Crayola,charcoal,The art museum just acquired an early Rembrandt; it's done in Crayola.,3,1.6502659320831299,190.01571011543274
FED_20170426d_3T2,3,71,2,nonjoke,Save the whales; start a,collection,coalition,Save the whales; start a coalition.,1,1.8668010234832764,200.00028109550476
FED_20170426d_3T2,3,32,2,joke,"Though most people think it's Rome, the world's most beloved capital is actually",dollars,Vienna,"Though most people think it's Rome, the world's most beloved capital is actually dollars.",1,0.9000678062438965,208.00128817558289
FED_20170426d_3T2,3,67,2,nonjoke,The most prevalent form of legalized gambling is,elections,betting,The most prevalent form of legalized gambling is betting.,1,0.7168469429016113,220.00268411636353
FED_20170426d_3T2,3,134,2,joke,My church welcomes all denominations but prefers,twenties,Mormons,My church welcomes all denominations but prefers twenties.,3,1.183535099029541,228.0037500858307
FED_20170426d_3T2,3,132,2,joke,The last time a guy in a mask took all my money I was in,surgery,shock,The last time a guy in a mask took all my money I was in surgery.,3,0.7001068592071533,240.0052671432495
FED_20170426d_3T2,3,61,2,nonjoke,"For great vacation, put the kids in the back seat, and take a ",cruise,freeway,"For great vacation, put the kids in the back seat, and take a freeway.",1,0.83343505859375,250.006530046463
FED_20170426d_3T2,3,7,2,nonjoke,A replacement player hit a home run with my,girl,ball,A replacement player hit a home run with my ball.,1,1.4669039249420166,264.0082280635834
FED_20170426d_3T2,3,75,2,nonjoke,"When reviewing your notes for a test, the most important ones will be",illegible,capitalized,"When reviewing your notes for a test, the most important ones will be capitalized.",1,0.7501070499420166,274.00949001312256
FED_20170426d_3T2,3,103,2,nonjoke,"I still miss my ex-wife, but I am improving my",aim,ego,"I still miss my ex-wife, but I am improving my ego.",,,282.0105011463165
FED_20170426d_3T2,3,81,2,nonjoke,Another thing that has developed by leaps and bounds is modern,dance,science,Another thing that has developed by leaps and bounds is modern science.,1,0.5500481128692627,312.0142180919647
FED_20170426d_3T2,3,93,2,nonjoke,"He is probably the best boxer in the country, but he always loses in the ",city,competition,"He is probably the best boxer in the country, but he always loses in the competition.",1,0.7502250671386719,320.0151460170746
